Current State : [[0. 0. 0. 0. 1. 0. 0. 1. 0. 0. 1.]]
Next State : [[0. 0. 0. 0. 0. 1. 0. 1. 0. 0. 1.]]
Reward : 0
Game Over : False
Score : 0

Next State : [[0. 0. 0. 0. 1. 0. 0. 1. 0. 0. 1.]]
Reward : 0
Game Over : False
Score : 0

Next State : [[0. 0. 0. 0. 0. 0. 1. 1. 0. 0. 1.]]
Reward : 0
Game Over : False
Score : 0

Next State : [[0. 0. 0. 0. 0. 0. 1. 1. 0. 0. 1.]]
Reward : 0
Game Over : False
Score : 0

Next State : [[0. 0. 0. 1. 0. 0. 0. 1. 0. 0. 1.]]
Reward : 0
Game Over : False
Score : 0

Next State : [[0. 0. 0. 0. 0. 0. 1. 1. 0. 0. 0.]]
Reward : 0
Game Over : False
Score : 0

Next State : [[0. 0. 0. 0. 0. 0. 1. 1. 0. 1. 0.]]
Reward : 0
Game Over : False
Score : 0

Next State : [[0. 0. 0. 0. 0. 0. 1. 1. 0. 1. 0.]]
Reward : 0
Game Over : False
Score : 0

Next State : [[0. 0. 0. 0. 0. 0. 1. 1. 0. 1. 0.]]
Reward : 0
Game Over : False
Score : 0

Next State : [[0. 0. 0. 0. 1. 0. 0. 1. 0. 1. 0.]]
Reward : 0
Game Over : False
Score : 0

Next State : [[0. 0. 0. 0. 0. 0. 1. 1. 0. 1. 0.]]
Reward : 0
Game Over : False
Score : 0

Next State : [[0. 0. 0. 0. 0. 0. 1. 1. 0. 1. 0.]]
Reward : 0
Game Over : False
Score : 0

Next State : [[0. 0. 0. 0. 0. 0. 1. 1. 0. 1. 0.]]
Reward : 0
Game Over : False
Score : 0

Next State : [[1. 0. 0. 0. 0. 0. 1. 1. 0. 1. 0.]]
Reward : 0
Game Over : False
Score : 0

Next State : [[1. 1. 1. 0. 0. 0. 1. 1. 0. 1. 0.]]
Reward : -10
Game Over : True
Score : 0

EPISODE 1        Score 0
Iteration : 14
Inputs : [[1. 0. 0. 0. 0. 0. 1. 1. 0. 1. 0.]
 [0. 0. 0. 0. 0. 0. 1. 1. 0. 1. 0.]
 [0. 0. 0. 0. 0. 1. 0. 1. 0. 0. 1.]
 [0. 0. 0. 0. 1. 0. 0. 1. 0. 0. 1.]
 [0. 0. 0. 0. 0. 0. 1. 1. 0. 0. 1.]
 [0. 0. 0. 0. 0. 1. 0. 1. 0. 0. 1.]
 [1. 0. 0. 0. 0. 0. 1. 1. 0. 1. 0.]
 [0. 0. 0. 0. 0. 0. 1. 1. 0. 0. 0.]
 [0. 0. 0. 1. 0. 0. 0. 1. 0. 0. 1.]
 [0. 0. 0. 0. 0. 0. 1. 1. 0. 0. 1.]
 [0. 0. 0. 0. 0. 0. 1. 1. 0. 0. 1.]
 [0. 0. 0. 0. 0. 1. 0. 1. 0. 0. 1.]
 [0. 0. 0. 0. 0. 0. 1. 1. 0. 0. 0.]
 [0. 0. 0. 1. 0. 0. 0. 1. 0. 0. 1.]
 [0. 0. 0. 0. 0. 0. 1. 1. 0. 0. 1.]]; Shape : (15, 11)
Outputs : [[-10.           0.29746532   0.44980401]
 [  0.38001552   0.32474065   0.38039592]
 [  0.30094057   0.39715163   0.39860988]
 [  0.39754918   0.26890099   0.39821127]
 [  0.3383365    0.51183481   0.40728974]
 [  0.30094057   0.39715163   0.39860988]
 [-10.           0.29746532   0.44980401]
 [  0.38001552   0.28624728   0.32693937]
 [  0.26993269   0.21772017   0.38642647]
 [  0.3383365    0.51183481   0.40728974]
 [  0.40688245   0.2543737    0.40728974]
 [  0.30094057   0.39715163   0.39860988]
 [  0.38001552   0.28624728   0.32693937]
 [  0.26993269   0.21772017   0.38642647]
 [  0.3383365    0.51183481   0.40728974]]; Shape : (15, 3)